,,Combination1,Combination2,Combination3,Combination4,Combination5,Combination6,Combination7,Combination8,Combination9,Combination10,Combination11,Combination12,Combination13,Combination14,Combination15,Combination16,Combination17,Combination18,Combination19,Combination20,Combination21,Combination22,Combination23,Combination24,Combination25,Combination26,Combination27,Combination28,Combination29,Combination30,Combination31,Combination32,Combination33,Combination34,Combination35,Combination36,Combination37,Combination38,Combination39,Combination40,Combination41,Combination42,Combination43,Combination44,Combination45,Combination46,Combination47,Combination48,Combination49,Combination50,Combination51,Combination52,Combination53,Combination54,Combination55,Combination56,Combination57,Combination58,Combination59,Combination60,Combination61,Combination62,Combination63,Combination64,Combination65,Combination66,Combination67,Combination68,Combination69,Combination70,Combination71,Combination72,Combination73,Combination74,Combination75,Combination76,Combination77,Combination78,Combination79,Combination80,Combination81,Combination82,Combination83,Combination84,Combination85,Combination86,Combination87,Combination88,Combination89,Combination90,Combination91,Combination92,Combination93,Combination94,Combination95,Combination96,Combination97,Combination98,Combination99,Combination100
F3,Times1,148870.40764681454,126773.16181604324,112510.61607160256,0.044202405665723296,0.06710945241891358,0.07873567718504013,0.20662401893926668,0.1364053809769506,0.2084582415540706,0.7078735785417173,0.5470703317181181,0.17847231892656532,7.013857829613994,1.893030365180934,0.5084609777090768,41.938248691346466,21.94817150105535,12.659266449055126,52853.59433515724,18253.53330720887,56004.82359579073,0.06773915510432324,0.009427374204030831,0.006898362506783712,0.4337101626613764,0.22939922180244912,0.041224476007663706,0.6312672863526771,1.9153252068670534,0.03189255080857137,3.7918809609169726,2.4399489531893135,0.25561727141730506,49.166036977902436,28.0890608214208,3.7016599763123823,10298.19052816235,166.2083335098138,205.9129838268098,0.074603446337102,0.056571247019343116,0.12468466763588607,4.7123287121342745,0.578439314225215,0.11783880569475352,2.2609564374581343,1.884951788388737,0.29816744399649436,14.70412992438273,1.8780896418565531,2.0210945148577935,128.81992084658896,27.159195565912714,9.119658228318329,41005.72669177531,15035.47813216322,4323.619069378325,0.6148137464577821,0.041576149311622346,0.0315111862649801,3.522576075883968,0.2121791639361651,0.06569514288280864,1.023822025747627,0.6900309934343567,0.30714797930272003,20.681038741377495,8.358574968678058,2.168209648707082,49.91268057504688,161.24335402636382,26.914971024552877,74462.42615269418,23345.43042883365,3419.065764828537,1.274262810893521,0.08085821804969318,0.08355537079763052,1.254554253567019,1.1299253617092597,0.3102324083575524,11.930793390851797,1.0776183254542344,0.5943940961423757,25.460641977301297,14.212445604240745,2.7653949737853054,92.46122862248367,105.58341784766543,49.86159469476342,46922.84135137353,1156.2927440086744,604.7127274928396,0.24520481240771388,0.24987394063088064,0.04710861013737911,1.826114160932298,0.5106670238884246,0.2666963313950215,4.669621413815063
F3,Times2,34406.624562900746,71642.9566624238,94750.04008896658,0.27408715577723697,0.15534190137820622,0.06642589688018496,0.2337938073171482,0.39649306410969665,0.0635130087676858,2.179015913636394,0.8297102516489279,0.13213871696095525,7.415635149154584,2.9221100850127786,0.20903465035098245,31.31839174954065,11.698421947643894,9.97619722626575,122674.47158282279,100723.63075422485,43765.62060064343,0.19595226914760913,0.024987877650766734,0.014511620678830694,0.402779593882223,0.1581848134284343,0.08348778436853772,3.1167805878588353,0.8407600343895952,0.9995518615517109,4.161344514404914,2.0496598490086444,1.2776088157897956,41.82491756073388,17.239243656063127,2.4102425867890758,68087.90870207711,50650.486096065266,4572.126343288799,0.7253754712698844,0.05878942173301626,0.06620948377093071,0.9761928542775572,0.401475740508003,0.0109879764095893,12.048704145729575,0.24914289013755805,0.7825852987739276,39.438618943166716,4.339826716106967,1.294992407543806,122.69921337220478,11.844492178811809,30.324320447470566,15121.487554426732,50981.23126354958,0.00014748813694637547,0.3806545000997593,0.1083439590984275,0.014932052650626635,1.0488358128408442,0.42590541509930496,0.08147704917260426,1.2727122989851731,0.7360862934315622,0.8321867738931862,19.424674065689864,2.0511191138330243,0.3962593115795033,162.21817332691438,94.32448280350837,3.2360869153251066,10179.873250937835,13407.860271289514,0.00012872727035156194,0.42216027246303406,0.09667888263932711,0.08653700386649564,2.1047956453541428,1.0603591063999032,0.10630453244112457,1.8851684724944837,0.47834301787629474,0.22206590575096496,13.984833687794032,33.55821459165389,1.5629706467629443,267.6743442726377,102.41259064918617,9.951275235784335,13608.048756393415,4918.3546609508685,12106.609375396385,0.3958804658279301,0.07699403815112495,0.011455305438526374,0.49378763657064284,0.9435159613181174,0.6318793798754867,3.061224053720044
F3,Times3,68228.7393181224,18455.967683374456,81929.42875204331,0.07028037232538258,0.018465780837489103,0.029239727743727722,0.22002401728523344,0.03273047856753535,0.08120390567363732,1.4097415921132597,0.2774352808059983,0.12355444412524863,12.014930060349656,4.854668648858773,1.6851547023953282,15.972210287568606,11.925855923319117,7.270596176379672,59867.27586440227,10559.968867969086,10242.289731949168,0.07772422787499383,0.027530484116166765,0.018971461307228498,0.043077025159626796,0.1637758982992542,0.15781472669826835,0.7030472506975446,0.22874501661669022,0.19419714839995192,4.69041081337977,3.6765623080270324,1.154402791773036,38.623901604369095,4.971879586916689,11.543575327845494,8666.634960412075,363.02435285330785,126.37271816725548,0.06238754697855116,0.07760716409535996,0.028412800633590266,3.9041663079749482,0.7872675869677664,1.5880441669168552,1.3887376594391119,0.5183808402201843,0.682434497484792,37.17508171574554,11.771024668751986,2.8012373550568026,147.6465611128002,24.02310700457643,66.13998455431226,49309.4921980802,23296.90777596429,50127.77058788102,0.12961027354292043,0.0769113205815034,0.035530029504216985,1.962630844188673,0.5112242586763781,0.05142806053395097,4.6601865617963565,1.080813592901012,0.11490004711770102,13.189291814810975,12.264653320276468,0.6963651804547486,68.28613781127878,94.21146835476063,27.23264424652768,66446.37943549734,2827.7334963177937,35591.54371341811,0.8243328219968671,0.09898694213797506,0.05540889203793888,0.6786477747914388,0.5838811535490785,0.4316682009623543,2.539746212465677,3.55757731671758,2.804801958837508,4.347040826444953,2.2755935437594297,10.765655991083047,170.67955614936517,221.40805576548507,54.75746365622803,94494.08927438119,5725.150848138519,2084.037629053912,0.3037393241136789,0.0564296896781667,0.1894111364186929,5.26488543377819,0.36255796891753705,0.30721340422225846,5.015493780811924
F3,Times4,156634.74210263212,141632.56755105781,63820.11138034698,0.02829949492967701,0.11448703428379664,0.060731608305324106,0.06659302895678428,0.08888799483781404,0.04476063695478485,1.4778717528573218,0.12994496463825872,0.11260385400822602,2.140016416294048,18.679128469071763,3.86685479814598,126.0543147308834,24.276334553342604,5.2821189779516295,41566.87401147692,126414.16390841315,67647.7175637992,0.26141414689142334,0.017796334435970597,0.01747104883208537,1.3791733262069745,0.08173503233045853,0.15033676553873382,7.824740744470541,0.31367089553309474,1.0782003678537382,5.524360138324876,4.655545283525466,1.3163927345543145,8.122460695238543,36.4771454830818,8.141705621364551,33450.352894246935,6266.27040298961,17104.013257737937,0.29846678913719427,0.30487764954542484,0.046424230601748356,3.681056153655822,0.6835886163004337,0.23352630997842297,2.3884808242521482,2.9848398115110095,0.5541157306163095,29.07574480862501,3.3305161450239615,1.8868757513324508,287.64747936843014,17.675066496858047,44.69477914232127,75810.68288050013,21326.393371024078,4.4966869301618254e-05,0.25301852911730327,0.059033291931031545,0.005167410750087296,1.648736898395485,0.15930324503105325,0.31237717634495743,3.3181932382709305,1.2792415362491074,0.31172259908679417,17.618806159464636,37.6400542290542,1.48422098305426,35.590060619303664,27.528264849943334,2.306913534309317,0.0012758312462601252,902.8576254803733,5.876976160866982e-05,0.11229762223770447,0.10615835628159849,0.10067486059250441,2.0855806469144778,0.4713018691670088,0.38976135775061854,4.679151489734712,2.1357352188533993,0.21821766294549994,44.274568982602844,4.237811345707767,6.259064380025009,206.11775924293448,47.542830197858926,45.96052637389476,3026.5342452332134,0.0001447824506310373,3404.197113927279,0.5334757195031412,0.11932624880533563,0.06578974487230174,0.7563996475905218,0.32769572207009257,0.5105891543962111,3.4919562728521947
F3,Times5,38030.08263235821,139974.41735307837,14988.052396353321,0.09147295010322726,0.09788775115139245,0.038063880707430345,1.349874503810401,0.5189420038993023,0.07239866720168822,6.569814154161192,1.1456034661275047,1.1313770303686483,8.116780859885205,0.7302689212296702,0.7086191206311963,33.08683101057445,17.392954325785464,4.693848104314272,10027.968299370716,44411.89185513732,29873.393814871823,0.0475432671737013,0.012462250327215936,0.024471369956313282,0.5711060683243276,0.9782564438867398,0.09150238138044141,0.7034423636328881,0.5601935248483798,0.16855584918581645,1.501214119064926,5.556427949983521,1.5030481569264464,5.905470052992129,9.452713866209306,13.037528840197815,27542.320799012145,64482.00156886437,168.09696943773613,0.17293277059029633,0.10253818676490706,0.08750380732487509,1.5891665174736873,0.32355929369040337,0.2681938122845646,1.8662978729538118,0.620798078533907,0.9027277640689949,32.469376121217294,12.726897715362458,1.1379940841403522,103.58970814377595,78.88432669266263,35.61093270256853,11651.010204056667,40748.26886879633,4876.964273660168,0.44755024606685295,0.03875711201410551,0.025091714941530726,0.9990355525545827,0.6883283354997051,0.056867618326014044,3.035719533053927,0.9622421333615032,0.18302998897908226,10.990287739962415,6.373381633252445,2.3109174700761557,195.34938074275473,58.44984069983147,11.223488284621578,28653.310111536404,2208.8736521848537,7.284480030224915e-05,0.30605742476946585,0.25885105265074243,0.08445235859808267,0.8957229328874498,0.38300750786393123,0.6327848784927143,4.137891017698587,0.7403728782732407,0.3122961756572339,9.66667230386244,5.702773095056448,2.010649048065743,76.80145992556847,167.6090835885687,27.524561427362947,41302.18000997196,2720.0844527912905,3.66182844586279e-05,0.13218655595753143,0.0395638289153344,0.016620767391236288,0.7793126170095526,0.16958495583763072,0.02238476196579087,0.8993011999351251
F3,Times6,1764.4355906729033,109564.96995190904,81797.32327658791,0.14029076457539283,0.033493084434679854,0.00425568752750893,0.2923043151643792,0.9061756787273041,0.08766552082431266,3.265379728758467,0.3970411227444376,0.7452885813805258,3.1188717191588706,7.532942250009824,1.6925044443948145,96.79906903050663,40.686441299274215,9.715610730619689,59329.20386863359,73931.45843449411,30916.002438147807,0.16784101252323977,0.09702314961224302,0.008960266690961217,0.7850327613833401,0.5836109693570317,0.10651508068100475,0.8058501313666949,0.17946846882821327,0.10240447482198142,6.175220916199515,0.9818989266508173,0.41399475895673477,92.17121174000536,8.535149208161789,7.58990881842344,38547.573701037705,22983.792365220244,0.0002675670085342404,0.5719668442412946,0.016859335909161263,0.05178967101839024,0.8659252493204924,0.6627060651306713,0.6834270133745279,3.6900040935454084,0.7334215119798456,0.7430973638427815,8.499443450878013,13.86817707444796,2.3742278674369506,156.71456057608674,61.85630906963303,9.070782008494415,79620.57864494056,1876.3470349516726,6266.603495962306,0.6219677839527399,0.04437999584111811,0.03629249219227472,0.27980382234757006,0.6392993050981052,0.43911777328633167,5.8716731055556775,1.440532575774857,0.38365973138822307,8.399724364279,14.446897375026024,10.821814312432696,215.30446860740668,16.93642697953317,11.864704274003579,3021.4283829814685,14883.072446210952,7097.272910323745,0.3452999712767162,0.010608991189968019,0.028574214203476424,0.25449769944011225,0.2608747948315729,0.07991195083399719,3.3522003899475536,0.6555858430743445,0.9673413983281569,19.95719129469859,6.924439383692314,4.820897671096605,93.10351712549364,35.02034220578067,9.395702703389604,421.9499717234877,17877.768291688444,9.19020990143312e-05,0.7189435624326365,0.37063904026989625,0.016504094700386995,0.5092809605816142,0.3084873091188976,0.127162929266468,2.5303733472798786
F3,Times7,161716.20549976503,89395.70820530636,80373.51599485613,0.018279072076423254,0.11091234692182839,0.04162716686455987,1.0180397886283694,0.234918646549444,0.19644445933212784,3.4640365167574196,0.2322844627538776,0.2093784751284489,18.876154917953517,1.7448575356946907,1.3284050873156863,109.8534387705383,37.81174709675791,2.1015304913601303,34715.52745408475,96891.29987637377,82201.00167569048,0.03463590123260275,0.0050776481761098035,0.004301544451257334,0.8664271413412498,0.539189656203359,0.06698706698101525,2.313978407903422,0.7420784633232771,0.7394279904804554,2.8833900053595807,0.8657836099776366,1.4765341942298587,121.12896402411621,8.058856975252999,4.634023763613779,28277.06148980821,74596.7673773675,7247.592759115276,0.5154819358792847,0.12771848275602868,0.010135036378810537,0.578946282130206,0.20370744385238534,0.06943074757438869,2.0912112613250025,0.5964260318943392,0.8442599570319096,13.122097932198281,27.079301006009697,1.487257054876853,119.60883155357371,48.81398715625918,108.60647700751483,27076.822046956833,23395.547272992946,5562.353543683885,0.08170080928485926,0.17079996187116123,0.03259480667547517,0.38596973460311157,0.4539045749710304,0.06411379284167537,4.422784101796561,0.605299606423769,0.420190003657428,10.786192214152091,6.271582039917564,2.4990638806818435,96.51852372861055,14.395115334504347,23.332811833257278,11071.580077364744,7874.779740176493,22973.952519397702,0.28103408942204294,0.33134185173377156,0.017202646333582622,1.6554318664995211,0.2884627394479746,0.31248543234126996,3.8711124391453016,2.875332019306669,0.36274817197053766,67.54737414533913,7.826427205225357,5.28914698830978,95.86200807353305,17.22253198084292,12.367700987758003,308.8399365685753,0.0003091282972928993,12717.315262253775,0.30486348669842583,0.12118255014545423,0.01823912974601007,1.946230826766161,2.3787902400411225,0.23072842889232914,9.712572618244803
F3,Times8,22470.16241067609,75263.78396960966,51494.91939044775,0.016303560091853513,0.15418773728763435,0.04466110815862858,1.0365165476017264,0.051968880401852886,0.160297700566229,3.96233095151773,0.6421211970564151,0.2517547129474233,4.316616526942985,2.1904267352835145,0.3506957057563674,121.41976686728707,14.351877327286019,13.163167981211648,54426.283459124104,25124.3923563746,75263.27707344705,0.12959089102042226,0.0887621942564398,0.016304155935042374,0.369574376357773,0.08847887602680117,0.05755317510512028,0.9374257309477144,1.291351719240839,0.5932686227806518,3.938488668710015,1.2336541748221188,0.20746076846031897,15.896871437907132,54.32983836142738,10.295873629182623,37960.9962065914,122229.78072193723,86232.43009257685,0.198432095646292,0.20393740283495723,0.11312327643548982,1.3953079208296808,0.23853666277121868,0.40890520807236164,3.035806323879901,0.1780068150010202,0.5872369848785044,10.233412385200458,5.10788515352352,1.3737788825762032,116.23711307249842,62.205607946149385,28.941924157010035,31974.028985199515,16578.782862765278,3974.1827592306145,0.34085134425674635,0.026293541058222365,0.032434736956744106,1.6322916147410345,0.4213485552143351,0.634526184155794,10.616683490081977,0.5368155518447141,0.11287075338965008,40.94020782451517,19.539029136211145,2.78762836933213,154.23388937260546,9.78457978903166,6.008280256301324,24472.43820568039,27689.742296733057,4444.927044531507,1.6584341336260622,0.16665553843176473,0.3562570172706222,0.7547662903319207,0.37187415491555176,0.8518240458186441,2.7703150648848167,0.8443503041898137,0.5092131110047096,67.29664828749404,19.312896566442696,1.3629187843661998,181.79750061035912,34.47032858195124,16.199094533264503,43492.02898686412,13348.100528034642,1294.2981804630183,1.4353088939515959,0.15568219793011637,0.03451963268441778,1.3471066919285637,0.30097337121620316,0.3811008518241287,4.651124438983299
F3,Times9,5482.57316021927,79585.4952298693,147751.66165656105,0.24358177913920914,0.03425378989276753,0.019304523578003586,0.24921793384933807,0.40723039074091966,0.09302374494657915,3.073110085337607,2.627287959157715,0.5291220130206323,5.954224354074364,3.2975027593744497,2.9718215766276868,29.922179069493527,5.542470878978581,10.355352276254525,6740.5194668654685,18073.06112232056,18536.43887302471,0.12356808704043475,0.03257307049522952,0.044008882048188036,1.5320811964473122,0.11163127319892374,0.09301084192813847,1.0162318975144373,0.4243555368371941,1.2620948869954371,3.6821364774527425,3.9175605747646274,0.3147429813457193,185.88772777773636,4.676288962483601,4.708765537613398,8887.440927557891,117.99307982580358,171.74399363686152,0.057353531104997475,0.06108841653232295,0.009328534498968115,3.865772029056399,0.18384200804305223,0.28981564725113085,0.6864084742020023,0.1520729757669026,0.4742192587672084,16.475602817266946,2.023687235353769,2.056242271871702,21.245998418204895,51.32959112082327,28.985314361344557,25816.253636210884,8026.018891559643,8843.673096117089,0.10005452423720561,0.07338698562067403,0.035434108214100375,1.2161532387869185,0.35824319067227245,0.10879858677485875,8.888015277772233,0.5915980672147922,1.2356745413758725,17.834732618803883,6.050831384747054,0.5253996675873263,132.5704664986054,15.827600177712078,4.509726023405061,50341.36581628818,2175.242049801213,25866.75188911343,0.08645074534968547,0.19780275419059554,0.17927224143943807,1.0123170635506664,1.1465734263225709,0.5007981977993707,11.254690252705737,1.803935108534306,0.9316892078891639,62.79695348951051,12.00692489002443,2.9735257364647385,172.089663317126,54.81462151137286,11.152233975620803,12104.0932011753,3934.4980548349135,590.099807018437,0.33843654513423316,0.13786339691022434,0.1012468582345553,0.9020880271877776,1.2552562972480608,0.06066280803420103,3.501086084153436
F3,Times10,195397.7637927376,178196.0618853636,98111.71950750808,0.06254577133764458,0.04637095077930038,0.0038792970682510366,0.1639989557642468,0.09381326006274039,0.24140225013415112,2.098497215399901,3.8851790761763545,0.18240404564351734,11.102766338191081,5.4979258076343624,0.3419377898518972,59.97303371221228,32.33405048510452,11.753052781584769,79020.78989760562,79571.54513858003,55404.770383064475,0.16289707158641367,0.008729446946018715,0.008600169728713183,0.5883585596371435,0.1554845699345196,0.050006195915853285,10.323029867405756,1.3129227703643696,0.3737646295214306,2.753997044175816,0.4885770727505156,0.7371333545438064,27.804001133917865,18.42273139349614,7.506341423653992,38206.78013292239,4769.757694188067,16071.959262484334,0.3474898842517051,0.09683110561620138,0.031883431292594376,7.257464913708203,0.6918159329943048,0.6167965161344449,4.11138470806737,0.7577439574364613,3.4216119073778426,41.47056060403931,3.456683253431178,14.31441669611718,65.06613826421524,18.563353277066355,6.404271044971129,46825.3431606905,3443.128682301242,6708.300508209403,0.40020044364574553,0.08795107588169825,0.014455131185998699,0.7278671676805755,0.13721893370211544,0.1352043618244167,4.887638237855478,0.8404829345566766,0.08426792227754917,24.42040498612979,7.309439245770152,0.862243205046339,456.639667809666,27.40357923089033,0.7106380275690456,91187.49479253996,86.13571584571883,2.9620743031866796e-05,0.15634443899687805,0.06426872862963559,0.02141574439376541,1.9165327712341091,0.8205179642245972,0.39381433972258656,1.6740668798275757,2.475570549299576,0.9143717989512326,21.033159008405285,17.18454691879639,1.140988949911095,154.70600977238234,128.39813673452247,20.497130904879857,25281.12378518315,35708.547526156784,23769.197258856748,0.4126927537404185,0.021290674042241664,0.023748692893875014,0.6522328006957407,1.1689701304715716,0.9346548992818102,2.7572166431322995
F6,Times1,2870.4443474981117,2842.339511286067,357.5426156732688,0.00047759646172018525,5.1648298779118495e-05,7.474989233760494e-05,0.007835933358734217,0.002040220218626231,0.0003859843502614008,0.004753248288244735,0.005176314743701711,0.007413916042758118,0.0628026314489052,0.43593445058414315,0.10171485705831351,0.5545677365085061,2.010861967241699,0.04729686964848053,838.2992110014898,1397.2980097758743,368.1954526239021,0.0006037982217649005,4.784006399849665e-05,2.8444679201430467e-05,0.004406849427302273,0.0006889852259106708,0.00027200794211967297,0.014376930360630839,0.0010064639964133904,0.0008614656368669908,0.01960617205806828,0.0024351699671626044,0.0016866506573197588,0.03434425374904276,0.3134790198657078,0.01797601092139377,1.933130122855132e-06,6.250983031986977e-07,394.1309847007815,0.004540269701104444,0.0006074774659907867,0.00012703564311188938,0.05257274769233528,0.005236908358321642,0.0010159346847540723,0.048873304372484175,0.006992094535143625,0.0009918431252089065,0.07900589466782942,0.1558078207813485,0.016886782672111997,0.295148529684942,0.6570971547551133,0.18333397097484028,498.4236591100086,1.5187021512489414,1.1329113390917937e-07,0.0012027347978366607,0.0005246674138692997,8.023050986933003e-05,0.0027626275161631146,0.0004159825021510927,0.002445807684340475,0.008952434483059957,0.0043785247861585575,0.0005730672078464663,0.05106081981676453,0.014516064058410693,0.01747571027076995,0.5317472023155687,0.25137497224810224,0.14859570478849504,311.44686020482465,52.557839670744535,116.89437890345506,0.0018390828388837547,0.0014495803314667354,0.001166641279479278,0.014451807017949955,0.0036807472177586183,0.0020903792673478724,0.04815642469705619,0.010150326686586095,0.0013644224740516594,0.4851966709671097,0.04149016264154805,0.0033987627556780766,2.154241926569152,0.08631217250684799,0.7232241589790851,17.335261471464452,261.893090842282,292.4649895497211,0.0020254100713540317,0.002306058110904435,0.000347493257757346,0.0008493012056798541,0.011902616298102403,0.001491788950737248,0.03860962926931534
F6,Times2,983.7487256481899,1253.5588901504068,493.68063313229277,0.0004649641532163253,0.00047638728311014724,0.00016779426449966056,0.022835121135021848,0.0059645304803248415,0.0005034508046281774,0.04786079498588208,0.0047308801430771584,0.0006763196385477903,0.051789057540214144,0.015830854886913125,0.006157860450873329,1.4286228149133298,0.976966214359448,0.1470471278676939,200.29695389108016,108.60012651149924,483.85110576452297,0.00014085974110546062,0.0004817729199351964,5.075233486978927e-05,0.001485491021203153,0.002683420476216284,0.00011325557458533499,0.008860011967094348,0.0030030345439499713,0.0017670241894300288,0.20550164960840098,0.018669340279980233,0.005381649953483956,0.27318510635907745,0.2611758494011637,0.023561809710203954,1319.1794055495386,594.1772094213372,408.6330645395459,0.0007826674337575298,0.0005389712171959488,0.0001361515412083483,0.005080588560778398,0.003345843485581309,0.0005003356084775724,0.03723982597157439,0.00475037532223745,0.0023861270561728316,0.3203858398077204,0.023731393339118136,0.04459066975866981,0.30141457787270864,0.1139398711807431,0.15002943492888315,968.4342974497359,956.1604557691057,297.1710700031369,0.004161633514185688,0.0007468282377764983,0.00011908624542381208,0.005071018127495366,0.007584263082025074,0.0018614319150250915,0.012827274503274338,0.006401796010180601,0.001221251405938609,0.29484189902165947,0.016527586244393933,0.0024175021352103978,0.07024242059362558,0.2292145921760843,0.06262352317389,424.6625518571086,98.45445050124594,204.97806648936043,0.001070029311925653,0.0012805565172104565,0.0004440875866930137,0.007424734857134978,0.014598408334869148,0.001250953065061501,0.03641838141834419,0.004908229236157757,0.005412027124287802,0.1537331036836289,0.07118685517234151,0.02161547957381983,0.8744143360916956,0.16681241036192432,0.06467191636966738,41.056141815665185,3.6392605303077015e-07,825.7129214466511,0.0018120032472637496,0.00048551888996612634,0.00039850792208454396,0.0060883329057077815,0.003726300026242354,0.00017088564377187225,0.00981063493590433
F6,Times3,723.138307663843,1119.3686543866213,53.691529219742996,0.00043664670282379163,0.00037629593931799867,0.00021749302235020944,0.0015960723634529995,0.002100837021875708,0.001015479693346179,0.008868240642523357,0.007300483608231024,0.0018645810016812757,0.16515114683229812,0.05849406885559832,0.01074663990472922,0.3302411066568462,0.33341638425429776,0.0923187730659768,2032.8078268087131,632.6387560466883,489.4770660679707,3.827630540561322e-05,0.0004162990736122822,2.9411810365182852e-05,0.0017269725253985172,0.00029126377200229585,0.00023674998890855681,0.02535166378726472,0.002359105895443819,0.002269195376063522,0.01360746574302175,0.00797821494672874,0.004081195654489144,1.5000746029781264,0.43967526325644396,0.08400374426014118,468.8309307774723,190.9676472365502,144.8604727549982,0.0014691867188879656,0.0037728571354408184,0.00021305971517366468,0.015538248774917388,0.005371521647930022,0.004828467757423237,0.0921625140076446,0.020808605906091012,0.0028834301986801303,0.155318500363605,0.047346516261878954,0.04065127194058535,4.904814132466054,0.5356367375795079,0.1179075173890437,381.21192150287396,1.8001281683767984e-06,442.1153837488225,0.0028519193036744737,8.01362749017917e-05,0.00045291078117712196,0.0014739525336439515,0.000914896470260611,0.0013187812390813441,0.029323178056868945,0.006277794242895311,0.002294211174437058,0.04313865091792808,0.06519951709990111,0.03972613980861966,0.49406486558553625,0.8165282837701046,0.07097600476436693,185.90866292107918,603.3420063684741,564.4702822857996,0.0021588273967427306,0.0015687012857018515,0.00033264013461084036,0.005775757414415545,0.006571140404461887,0.0008195298456309723,0.030168510094708632,0.028900870908906348,0.01355196939299012,0.16752886463041952,0.0462460199123167,0.004916266351174018,0.09529723776332837,0.45602451981754133,0.08659659986610896,230.33539573564295,427.8980989264996,475.09180204233223,0.000569493057839994,0.0004110360029401098,0.0003417451963045101,0.006662727257065335,0.0008009748593847253,0.0013133701639936712,0.007437118511078262
F6,Times4,2287.789253927852,1259.3712685062362,1022.7829744666802,0.00044049035894468727,0.0003321035264454682,0.000954608703624773,0.0020821157143262117,0.0013046899994536268,0.002355048764187634,0.0037526259029964128,0.00454700400344275,0.0012646381294040606,0.053548439286595785,0.0063336378440440825,0.017912263226783052,0.24967956951239426,0.31328415703972484,0.08154526521272029,680.8908886598574,556.3793921768545,489.1367644499407,0.0004190178635529768,8.063894271571217e-05,0.0005339912164667698,0.0008220061578955953,0.0033754765817963737,0.0007526733512389822,0.0035503942597015542,0.005650219831422448,0.00033805567212059386,0.03470303406464037,0.0597732245675161,0.0012127110640719682,0.14007154718860193,0.23313757882472627,0.01834225599660317,134.06645085984906,659.5383136325346,257.57134088722995,0.008753469311090249,0.0009817101260335818,0.0008690130135752881,0.017510525010441386,0.018538502914922053,0.001047580945284256,0.0520775653919576,0.006615138409413098,0.019013710985854252,0.9804509396956148,0.08566293730780243,0.02008299653738991,2.2468535718102207,0.24601377026478013,0.17583844526176312,1004.0763736189592,9.595449094245993e-08,191.8228691129553,0.0005060059716695442,0.00032597778066016756,0.0001691654186842234,0.006262898874070438,0.006750260332110502,0.0010779901757105152,0.03747033468933371,0.006787719121233094,0.0009148584067130599,0.04915898157565194,0.005664362724812477,0.005626176456026314,0.9244408633367971,0.36405642010333333,0.021213476916048874,18.258148993416473,60.76375970064867,1.1133192821383623e-06,0.0017660436138429135,0.0014548214089840838,0.00023535614814428844,0.01077372344821884,0.003752790653980084,0.008301740720091186,0.015064992491647293,0.01774667509264343,0.005230706376254094,0.021966606456248358,0.03528518474222249,0.022925264281147578,3.7822145316149154,2.3319124637762503,0.17354371055166137,404.59630330767664,531.8712201307093,8.788123742023322e-08,0.0024594734513739285,0.0007117597733126514,0.00012070641041502952,0.006174964351270813,0.004574599910688126,0.00989118427911132,0.009286618404528784
F6,Times5,1951.7285668603122,245.2649124335317,4823.482086070977,0.0008684019894543918,0.0003500018270537356,0.0006613972503525693,0.007378557664728824,0.0029351657212427235,0.0011583677382223676,0.14274611210507682,0.01091568017021427,0.0043616613955319615,0.27193448012098487,0.032268214071963924,0.00765065295410334,0.12680845215987668,0.4252644647938455,0.06048863358536188,809.4214709137059,3939.543183184277,233.78632469623489,0.0006178032640250783,0.00030667475729983476,0.0004526539659542835,0.0007408550940249696,0.0032005230690004146,0.0007010957055735711,0.008806920679990437,0.0049143523038809155,0.00314819511083171,0.015852647072262138,0.008185665142243026,0.0009552314739135826,0.051827160315199655,0.1767889312936672,0.016135167640918966,5.182214274040284e-06,21.118532306410483,848.2507670853174,0.0005956243752151229,0.00012224480210188519,0.0003870567840764886,0.0030088997817195933,0.004186094486246253,0.0027162083558635777,0.007390443099405526,0.017612259006163356,0.0022303457675408606,0.12704852367769426,0.5577089073991935,0.00329292118595626,0.25292930763940247,0.4388358660053773,0.05240674769003917,611.402538246226,1062.872939585431,1274.401750946426,0.0004190428203935178,0.0009685288159202935,0.0007712339297045556,0.005126111933485112,0.0019243505234156398,0.0015651652943883155,0.018398015211729797,0.0038985706974862112,0.002642444092812369,0.09467235823374481,0.008151846166280279,0.010330930537279072,1.972517635002999,0.7199784459713368,0.08824752980632597,5.320138231779903e-06,1151.7979673923994,0.10012613147619433,0.00239976874563265,0.0005202446509798054,0.0006560300228225723,0.0025888228972389513,0.005215990053110908,0.0007083111851322945,0.029063677554602107,0.024965098634507892,0.0074005006477385,0.18366634804848034,0.0017006789375481942,0.031137826942372753,0.6327395107775362,0.9710734020477921,0.3237450432860287,1481.480634108332,317.19697329653457,110.81162219833911,0.0007673563126010382,0.0012022595323950892,0.00014038055098838933,0.016634895649503576,0.002402234700836341,0.0011903025798209164,0.009047801883670045
F6,Times6,565.0600828831896,1730.705861628152,1144.6407075940012,0.0008129766750241373,0.0015855905287305344,0.0005721935951058915,0.00047478476432709815,0.0017927890814115918,0.0006279554223771635,0.08963155441415432,0.001909174789768527,0.009101045069687142,0.17679348373347786,0.00878291068922846,0.011759614837953503,0.3980932025237606,0.08251753493900192,0.2738275851418297,1932.8901627541784,341.1376357532654,45.988394112004634,0.00025899565358865795,0.0023386184181383948,8.969156729627603e-05,0.006881044573927564,0.0001264875200838966,0.00012517169015103835,0.00331545159432599,0.002341509430567424,0.0015131996850676884,0.023573885982011843,0.026439429325269846,0.005063010653347158,0.15027456245164125,0.3011690475695832,0.01539801184524578,353.8699843287261,3.3604259799633898,586.4923940635231,0.0027854010277956393,0.0005773261138445556,0.0003619038427245203,0.02565006121988605,0.004199299532577077,0.0020515751088789917,0.03646538904465635,0.0015024483679145285,0.0005766453927630989,0.18676584230758672,0.08986983984366356,0.02391578200932069,0.9409074007481766,1.6278946373854504,0.10372180243053512,357.0922250403887,623.3362326781299,165.76106935898204,0.0025018476741676603,6.25944309608315e-05,0.0001225164603481226,0.012452481269748591,0.0018690026752869143,0.0006582811564422813,0.008326933819012668,0.0034206891112411545,0.002897662567812416,0.33184488443310134,0.05622919230438447,0.003326897067631009,0.7435922476004065,0.0731491769317891,0.04833243414195283,447.5399475199341,173.64828007500225,227.08896458532553,0.009392897791814077,0.0002682835621100936,0.000883148054218951,0.01577736314030382,0.008106286801219888,0.00024518431414449066,0.05179158776481903,0.006825934923718694,0.0032297172487986852,0.2230569353061086,0.12087507163475619,0.06327521478872074,0.4792156877932052,0.18974832493133473,0.024622168528440923,52.687531257478746,1.3479994906755015e-06,48.95565354513356,0.0006859925541648327,0.0016630036189611245,0.0007822877473638953,0.003557170912382968,0.0017581825910091674,0.0017364208001552641,0.04253334721571893
F6,Times7,281.22916639384266,1951.9295580093417,1838.7504013699725,0.0025681029566621107,0.0003086713040779076,0.00037048979643361816,0.0014127569670207237,0.0006984571861552246,0.0008111974530335092,0.035934199978333144,0.005757423689004221,0.0010091219783286464,0.05158173814418646,0.036546338515771,0.03829185120457126,1.3260405971215907,0.22222534613056502,0.07236302133820117,700.3894752519931,1334.2273132007947,669.6706891137258,0.00013766817571128572,0.000729452666674114,5.0599984602723756e-05,0.0006882640714761671,0.0011009593746922315,0.003880760120925009,0.010969511848294576,0.011969222612270899,0.0010307913050498487,0.013459098967076198,0.0337052227549669,0.006854387602875117,0.06781920668281477,0.17054228982830183,0.1637810715735812,9.057841772866895e-06,953.7586272885807,8.99808567666444,0.000687717479788734,0.001003175303404013,6.084186749999233e-05,0.047986033995145665,0.014474048223201492,0.0015123250849116581,0.10807201426573165,0.012720046296431633,0.002855113965573998,0.3837391192744725,0.01569934613705955,0.01596320049305922,0.4914223848248512,0.22405998272716496,0.403043465690673,225.18827052627304,221.23438967271136,3.5361765045008256e-07,0.002227955280431633,0.0007569218036986864,0.00018337725574932466,0.006323502314117972,0.003074801188894351,0.00011418982013509703,0.005435127465205839,0.004395646187537921,0.0011843831944004259,0.17640645924600384,0.004902652418352384,0.023713644959316736,0.58029798385185,0.10925776339992752,0.03699685287815536,220.49602380980642,5.971872934190983e-06,90.23724970712074,0.0004948352405828777,0.00021389641634687238,0.0007824647858470416,0.004793454687462852,0.00896461278202475,0.0072817370082089656,0.028570061777168598,0.03920359444948641,0.0026025415535323674,0.1830637792075534,0.016422668397226052,0.008895525472849018,3.1811914028919985,0.06404348243184022,0.07800914916991601,942.9742591949148,352.7321864586073,7.231565047278985e-08,0.0032765553519118226,0.0004894629528844045,0.002088954754176204,0.038978691435946365,0.0035778405023253455,0.0012695880517610827,0.05412282801313621
F6,Times8,1310.4863021371677,395.6133380999797,128.12493040625645,0.00578501888560102,0.0015552530441078922,0.00030686422233557357,0.011439246790035197,0.0016375189802444745,0.00012008725537486283,0.0467697467124103,0.04375458532280578,0.006067084405550239,0.02788847547798182,0.024245645742306306,0.011009056967148722,0.6782965651755027,0.22426705183805168,0.04708636853350678,899.6468397075629,798.7004520066898,566.001613559815,0.0011011440491080983,4.959768269059968e-05,8.537549112024564e-05,0.0026746970302746636,0.0018509851615967792,0.00029903650873221,0.008173296619453704,0.002543332207674027,0.0013540283563237394,0.05397064215462403,0.01816794935889216,0.0011796220891468227,0.22745335415919196,0.09828731811756461,0.017214927740768167,15.827318379131608,786.9200302969703,1.178345646619106e-07,0.003067247451589357,0.00031937283802483204,0.0003118022286499649,0.012348712595372074,0.010876355794791206,0.0005981044359513673,0.009968409233980183,0.0339669164088612,0.012692612677650664,0.5656506255330003,0.10601927706841652,0.02577696929974017,1.470293908071614,0.1985291301518272,0.08267127382170213,181.17663684971498,396.2861947927888,276.2434574286696,0.00099189017832245,0.0003806995921998592,0.00013454983923085866,0.010479574579606821,0.0019177412465691268,0.00035401518053584913,0.04222506425744452,0.012560579274986054,0.001944615923792117,0.10822625078421491,0.042030649458972356,0.03275089814761903,1.4370744484179967,0.1860558044280892,0.17296784697428144,1235.7349659800939,6.192799583582287e-07,23.890395841434323,0.0028494226738921013,0.0020029470733932205,0.0005451368097079889,0.002030870808843351,0.01520578077317705,0.0024283972892721203,0.15946272924033172,0.016488699468534727,0.00534979403371978,0.25277075055495574,0.08594417904884236,0.030369417001864178,0.31075492245974856,0.24824140997363706,0.0482627242185595,518.4421336508944,315.88944909570296,381.4569350553058,0.001961306309255612,0.0019668077655308927,9.656047791123006e-05,0.0033565194795780497,0.002456767375491165,0.0002840957163314577,0.01756287931705434
F6,Times9,50.86386707843187,2155.406374791175,1473.1098061070281,0.00042377435873764357,0.0008833712601488,0.000825887039785239,0.006426202369805245,0.00841648736239693,0.001202902572680949,0.004543608817078445,0.017274006635712623,0.014507642362285727,0.09875981288837592,0.10648821599685064,0.012614891641874711,0.07683886319277207,0.30691894007531956,0.23401053749209721,787.9341259014217,917.861269333434,265.04372492316554,0.0003233899991713665,0.0029310761581160896,3.026190609630703e-05,0.0008250914584644529,0.0008831356889650886,0.00037462105621785595,0.011334524189420114,0.0011982932096802558,0.0005111336580851051,0.044233302150295244,0.0154132737094237,0.0021981543389741525,0.24571817385176054,0.06642023129511812,0.012137292147750837,765.8376728156808,225.14290585292346,1.3854062847919631e-06,0.002472558006807091,0.0010817427331005183,8.625728383282661e-05,0.002030354425794541,0.013136547974468718,0.001761946304545666,0.012058519257343343,0.0144139835782094,0.009544931965336841,0.08017817819035775,0.06563654529710912,0.10204645529110068,1.2605590439729972,0.39929654340702897,0.4986166950905911,843.0279141689455,582.3924117023797,3.504365058223649,0.005161318205675148,0.0005248512731841415,0.00015331867340081476,0.003535964180046423,0.002598799257102469,0.00038346291477301206,0.003988673186865256,0.006737569996843806,0.002331914449041931,0.01777265380874528,0.004169387731969757,0.007267384086820206,0.037184675074972875,0.21207054938818484,0.02975121056927026,89.21884265380687,273.3878704440404,6.253406716219705e-06,0.012512722959071442,0.0014318845609395696,0.0006107100216046847,0.03456107058582382,0.011392527386490589,0.002219816518740548,0.0891142539238299,0.0055125189382333895,0.005900531008701518,0.1985247726112861,0.07338461147085908,0.018978308973956057,0.65364077044983,0.15206917146709079,0.1327403851927078,54.372787951132366,144.55066268326,2.8661201945866767e-07,0.001257669785434834,0.00048422449207456377,0.0001935738089599185,0.009968669295356556,0.004128311967374609,0.0012537751397580245,0.006344076057612837
F6,Times10,693.4436896546496,1229.0220847651638,489.8601673693296,0.0042903449539830356,0.0001524780850033311,9.775626569672945e-05,0.0141923750790704,0.0009168784840114279,0.001084950791527931,0.004492490769878874,0.0018726128905878618,0.0009404068834318659,0.013919247945823922,0.07684916612508039,0.010665475783881776,0.41949121321995864,0.2613856701703977,0.06677287985664514,682.0411986832195,723.2698334927308,1312.429441012835,0.00030454492813957,0.0003071279439861574,0.0001647684449778147,0.003232415605023816,0.0007303629747960002,0.0014671386551566826,0.00876764282693816,0.010131504637236279,0.0003444722892413643,0.054914975170258964,0.0061214912170161305,0.024168857825309913,0.1914348434087685,0.20551592587516174,0.029280515180167815,1149.9935177085608,7.663140213961587e-07,1399.9142558886772,0.0021190145991928236,0.002480529763990744,0.0002769786994837671,0.005518894186402709,0.007104020268100341,0.0011233725733144947,0.020353258789269142,0.002686385595748985,0.0025961557406335403,0.05918403558244571,0.22912459653479833,0.015945005951077017,0.8307199832689974,0.04024432948151743,0.08545817879121445,5.030898514098243e-06,208.82529900493066,34.02930559227063,0.0014847672745773716,0.0005470080412328876,0.00010423832360751337,0.006451452974047776,8.89896629882805e-05,0.000588084419033144,0.0051545363232766124,0.004277423857620441,0.0015320972527506046,0.15471079142063993,0.024141857024444664,0.003564933638764629,0.39195966072333055,0.2072181566234958,0.01920441003386638,277.22851909292086,179.67162407796357,188.83177452555037,0.0037418298124518713,0.0018952687349288472,0.0004293904578344663,0.014752089553964044,0.022842809186730255,0.002663094567502142,0.016350611901888933,0.02143928513667906,0.001074304477861397,0.4092303869880061,0.01827044070247611,0.06294148749513392,0.7328992270950927,0.6822436323457417,0.2902302017296117,139.36429828667846,79.67437223868463,3.164732318793529e-07,0.0005591330763415552,0.00120106469904201,6.206680306159847e-05,0.009021947737442202,0.0018292096911477341,0.004679519185338946,0.02735661980265537
F12,Times1,6.190965818614445,0.9798297485212256,3.4938693900418514,-0.0017404891193548557,-0.031663438378442814,-0.016926899344067676,-0.0074159812094948055,2.58470099685037,-0.011063813961129116,-0.09584015583873248,-0.06458118976522208,0.5105110310065444,-0.206862945960079,-0.0861845510648902,0.6359524297609396,-0.0318285535614525,-0.0593516561809437,-0.01715672369008529,3.4251357257181962,3.49309197416612,2.1561001628617613,1.3962531561628249,-0.004539078791589385,-0.0014059865814015774,-0.0012591900544383413,-0.013157194817452898,-0.002218917755522339,-0.025107304937330894,-0.004157658992740299,1.142681005062159,-0.006738633578431648,-0.008972248405700482,-0.0684062155850451,-0.05605848098769683,-0.03460279637270515,-0.20440758305520632,2.5389159066989495,3.397355804345837,0.525802433238203,-0.007015730377661068,-0.002306633001481825,0.44542314991618015,2.037518411879258,3.129294794740102,-0.0009516569563165786,3.353629254522893,0.7552135525173725,2.550905743087086,1.1873298386916435,-0.047993369243873554,-0.05176232713617904,0.0780741771273112,-0.14224446330288498,-0.02906601301068971,3.984565280816907,4.253945062306631,1.4957729391912422,8.43609776651189,0.5656787729211847,5.6351244697287175,-0.0047293853517204835,-0.001801021331798403,-0.014558007836345567,-0.01275878939828555,-0.0040414836532683025,-0.0067083870503156715,-0.044167338197776615,-0.0006145274574432936,-0.03180916407360507,-0.06366561342621652,-0.05042324547255816,-0.007179530839824761,5.350519303454068,-6.695663928733754e-06,0.52115394109943,-0.0006404354221105543,0.6342542793127973,0.9486465314890314,-0.07434187310671227,1.7714213529598384,-0.007916104050321473,1.4052592013149487,2.8960452923906095,-0.008659392297937708,0.23400871593001468,-0.005645766876872311,-0.0055097938588419566,-0.018814794964445818,-0.1321345784458765,-0.01841399561415404,1.962538061197029,7.4555899553008995,2.428587954502554,1.0159763579487686,-0.0012424281578434246,-0.006775532473745532,-0.002228457335118049,-0.007124490300204979,-0.012756595753422261,-0.0023039155932560434
F12,Times2,6.56832237700101,3.7197234349851973,2.1971471003208687,-0.006355512413174423,4.289682465633066,2.8780714928931626,0.12954622388324044,-0.06548478460282055,-0.002641008611732876,-0.0004772403258742775,-0.020896447231635935,-0.021475842650593498,-0.017633838138140137,1.4797192944260917,-0.08418280674918242,-0.02377132120416046,-0.06844681188926685,-0.08521231992144221,3.3529337403703208,15.63491259769646,-0.0001846634061785621,-3.332362879637942e-05,0.00747205529359477,0.5082149321973702,-0.0016904534885312658,0.8859140514956956,-0.0046731577622504,-0.0015262991849938378,-0.001346987216207717,-0.017158930557127684,-0.007137153742922238,-0.0020451834135217844,-0.02995452103964285,-0.09685822514035589,-0.12552597639481383,-0.00538175153816256,8.090112786649582,0.07185926017375212,6.315824308151158,-0.0193200273533665,0.632411060816389,3.1123282197586226,6.603580899572688,-0.008093062756955203,-0.0018288069395986887,-0.007904003585850276,-0.0024664010886672983,0.1974779925711127,-0.12216059578939108,-0.012591639403223134,0.7818612980757713,-0.1889777771900786,-0.1444950384881618,-0.07298559691269456,0.7759134383679271,-3.115507689963141e-05,5.056591872746047,2.582538512491826,1.141053996106852,-0.005725913698912275,1.1529570945673557,-0.004596978837093061,-0.017057258850743794,-0.015023192736088625,-0.019636563589866162,-0.026145154777949955,-0.030609904972490807,0.14128795757582593,-0.08186616003639999,-0.1336252273203748,-0.1260543379101749,-0.13231883852532458,-0.0006436287479419107,-0.0004473769043116505,3.496905983210026,1.3868432068721546,-0.005694982043036103,-0.00990313463083586,-0.00845621811004237,6.138714978305002,0.0024319553618370585,-0.019546896628115793,1.355634151236782,-0.019422909367699283,-0.10119044675285882,-0.020816438742270803,-0.017763362327203557,-0.032824737620886134,-0.05395566308024895,-0.3464450380377388,2.3866101518980365,-7.995969809092529e-05,-0.0004903526697485539,-0.0016706645585793979,-0.0020033346284956607,0.5758190886961729,1.6516222866011658,-0.0007870940342732818,-0.004074492978677929,-0.002941071910836098
F12,Times3,-0.0002130180481718077,4.2856677858853125,4.0864099559631475,-0.00036385559643134133,-0.0016462126158070525,6.391452890264424,2.642875799423873,-0.00018509317048443473,-0.0559277736941182,2.365798805126158,-0.006064107620825173,-0.00027657039610205823,0.8410984632163718,1.2371539283073618,-0.023417388876183626,0.23022147108408342,-0.040648204421795,-0.03416150178053282,6.0175130780489035,0.4405819399049791,4.14967317434301,0.5718624429712348,-0.0007325170770834347,-0.005477093726741941,-0.004315023531665706,-0.004813980444400561,0.32193878734324527,-0.04567167141351462,-0.03904737038630504,-0.02192492094498291,-0.005610278460602058,-0.007934519694594364,-0.00545429540028674,-0.0015197363081981185,-0.2503602387524688,-0.09581660675693349,-5.528156859420464e-05,1.512498989955366,1.1180531268670653,-0.008996284837092233,2.81031531197433,-0.4079948027673236,0.45685770768174827,1.3273445717945402,-0.003114987207080708,-0.022208285447081394,-0.11223922033402403,-0.008680062829153325,0.5808079356847053,-0.019335556783028014,-0.02117141443073251,-0.04232875479486517,-0.10236727938330416,-0.01774954765682099,3.5552898654023,4.898948073447911,4.265151612724164,-0.009722967668926693,4.170213146954622,-0.004384201167586334,-0.04881394747294371,2.761589244488664,0.1902098204331174,1.1940785329078176,-0.00996056514854923,-0.012784972614641362,-0.010566143942336615,-0.007334022920917511,-0.035711591728652195,-0.044222486466715005,-0.06470803890748378,-0.2323637805341823,0.0074700553924878475,0.44035403748499746,4.147014333158115,1.4444979919427356,-0.017648164234143348,-0.0012938223044636904,0.8382472100701404,-0.01561080948016211,-0.0001461393224302169,-0.030068427258975117,-0.06663492813289304,-0.0006782226033834014,-0.1426238183632957,-0.04726507512353128,-0.025031183076771844,-0.044941930086263696,-0.19053669162929535,-0.00019233045380197085,2.1265048967943625,1.8314106657768492,3.1357632531117265,0.6353746550543568,0.4433709011937964,-0.0006520820033963417,-0.017526966290827405,-0.045097335041553034,-0.0027440242324468624,-0.04361348028535547
F12,Times4,3.3008404084925047,2.2422351787256303,-0.00035552739572731844,0.011184331713595444,-0.00793055584087379,0.3209066080566528,-0.0013645188951259743,2.2451390098754938,-0.001443931440827927,-0.039288375392619763,-0.042827418007859,-0.03300322061830633,0.7680982535613193,-0.01335042770118772,-0.05371882317810833,-0.05997742810282295,-0.2846923870420529,-0.06568446610827941,1.5999506881072207,2.990745776883598,3.347784175086202,4.907649451267861,0.946338517805312,6.43340228917822,-0.00238013552848512,-0.001011612056495191,0.8258628406107088,-0.005019586840106223,-0.038219493034358835,-0.0003719871991835167,-0.012620368401764632,-0.02243287060745055,-0.019573974983135962,-0.1015804230110819,-0.2873916889910683,-0.048183670846561326,10.450987178622992,0.09733791124077013,6.905225373177035,-0.016024047914749005,0.3894767339858284,-0.002361502638138058,-0.01295518285551771,0.8879977653333293,-0.010219759943606846,0.6677718120097837,0.007818915309276664,-0.007716548474632534,-0.05699829125851613,-0.011142460061298615,0.8618537506360248,-0.07167477685591948,-0.0034689835619177638,-0.05140982256879626,0.2118427317613713,2.2383209440335436,2.3337175771296637,0.6981363721381946,-0.009451864312247319,2.6189480899105746,0.7495067865053946,-9.32007047097893e-05,-0.0013515468620997793,-0.002165595478639829,-0.0012592018230885974,-0.007980790966686165,-0.04248093097959511,-0.012543708304740893,-0.0015329172693719871,-0.15741063274315195,-0.1509158898635943,-0.033584910235294974,3.088034840248475,-0.00015821154550238963,0.012855739985168653,1.3244333656681209,0.9519876237584951,0.0740241627725286,-0.005699758480865004,0.1962888470338974,-0.03494798237024385,-0.01132855151485539,-0.003289828419219771,-0.09678555235357576,-0.19312829566946732,-0.00038137310711657766,-0.06203543861307599,-0.018760871281995946,-0.17731654182786355,-0.05185144542690608,0.022197472408402166,2.2442347742378392,2.9330287219178977,-0.010957283211663654,-0.020095388727942032,0.8767944882336609,-0.01250125199739061,-0.0016099911302154709,-0.0020522248256633034,-0.005200895389856392
F12,Times5,12.0101864800463,1.139737976219932,3.5652948239965965,-0.0041106411022042,-0.004742018486148718,4.58765738959515,-0.028797686988964226,-0.011603920227795491,-0.009035031960790908,-0.008935108942733624,-0.00811880360064837,-0.049120273369995325,-5.956856100236924e-05,-0.03105204471296266,-0.01341988147739195,-0.06777029207949649,-0.044679319413308216,-0.15263136869436572,0.8243115917529417,1.8793720558184417,4.588858288814825,0.627062796876231,-0.002404106065717381,-0.028766074629715276,1.0558377041336588,-0.02903472934178951,-0.0010894666100846702,-0.016497898169115243,1.8351522206949826,-0.01239727674560559,0.9147436158147665,-0.017245492815758053,-0.024863336267809667,-0.0077706988906480305,-0.02972126259112567,-0.09222384700645817,-1.1007824526883952e-05,2.9366297466247286,-0.0013747385991879752,-0.0036065163160138147,0.5736583470701878,-0.0018680398877743058,-0.007532112886562038,-0.04627832840252466,-0.006377294506382131,-0.29837387421119527,1.2694376142353123,-0.0012249024356031975,-0.0352142109132333,-0.03047312799546547,-0.03724572471909141,-0.24435941180346948,-0.14883917925190032,-0.016271781754604954,0.25507813936655366,2.8929640832580086,0.6921445221339929,-0.00494643594961328,0.6341429511269628,2.8802391488508894,-0.004952855287594988,-0.02543906674953824,-0.005522727028305354,-0.04383609915246972,-0.0059635739790705735,-0.0049603299955768235,-0.018131993076239618,-0.01669820473582035,-0.01975829451364753,-0.08508750023260044,-0.07828106445432324,-0.2564431642607012,2.1862318193439205,2.1392250666432466,-0.00017149016820898523,-0.005582818090861443,-0.0032452389278947295,-0.030332772721133716,-0.0029045759085167123,2.3774636669948426,0.5718975321340068,0.5504645093196355,-0.0017303081090962297,-0.01766733394476868,-0.017362924280861985,-0.021004688019865526,-0.03000973766755813,-0.3153072063238617,-0.05213648015875313,-0.2062394046801229,1.3272068414938627,3.798918769402281,2.281823527825796,1.1417709906796984,-0.013672923143308646,-0.005888189206778269,-0.009885845144768184,-0.049173190347048264,-0.0009122425238333089,-0.0017182038983841656
F12,Times6,3.5979355665202184,3.1332784512096308,18312.470551140785,-0.011716769688828956,-0.005525887697085343,1.7405745064246925,-0.03766787017814423,-0.005933788438205003,-0.0255242307066974,0.46428661781162717,-0.0022817410625332116,-0.013575153414847978,0.6686532565944381,-0.019911124623721334,-0.24927539643836133,-0.18839145219041895,-0.1663585703408823,-0.0864908700801228,4.586141784631238,4.5259356231149726,5.189987353805894,2.586597995034425,-0.0039693204946123295,-0.008689900212104298,0.448639569658418,0.4474643286917469,0.9505219438241321,-0.009865093306317022,-0.09353630542222,-0.008165341878784031,-0.08395449360597292,-0.01987733025825014,-0.01687659134124675,-0.020360711306899176,-0.027423000789480557,-0.020558029932850694,2.7960256220616944,4.150507333799895,7.977875873545124,0.011513330259476543,-7.200552298244847e-05,-0.0007850886951971011,-0.0025261551703905424,1.2672646474995735,-0.12841309541115542,-0.005684119017816919,-0.02302000811174157,0.6928920245548191,0.7391478367007903,0.6746110683964223,-0.2068470630854812,-0.1573194833022838,-0.10290841744045265,-0.08994026329157762,0.841949816782974,0.6970620378060447,8.146367128895601,-0.004470765788663322,0.9437461931775011,2.5601969182597557,-0.02806716923075844,-0.020116367192010067,-0.006870090508298971,1.4157544364023789,-0.004193838664516617,-0.010455461386704083,-0.05497186743498302,0.4046068889105406,-0.06957098284688494,-0.0005044356784621716,-0.01630107288274723,-0.0055481771058524575,-0.0004783901025415328,-0.00025462281025214595,5.522087766702456,0.9511105301434046,-0.00039971970721082293,1.5757089578492267,1.5169309023397257,0.3174995272160828,-0.0019582395773174374,0.34758477721935394,-0.01628573513894308,0.3863722823464971,-0.12131309565305232,-0.14754113960257048,0.5183762014448451,-0.08858221874582418,-0.26764636854290186,-0.09709954064911154,0.21553566685317066,2.25786289346147,0.20230964327789047,4.06912068965919,2.8072326532811704,-0.006998863741145165,0.01754121978391872,-0.0008435028461721412,0.012517215685301888,-0.0020857444635103604
F12,Times7,5.717749243041976,1568.0992021932345,0.12381788546858448,-0.011372385668472162,-0.0017690503513289612,1.9990829406254207,-0.01575486392731408,-0.01354258454099698,-0.010696398349326366,-0.05212846127040734,1.5254895509530912,1.20943617572998,0.6693659377821323,2.4202911821783926,-0.008103351693772127,-0.22131718910824724,-0.014578989938601197,-0.03236080633841506,7.556994693001059,-0.00030753219308763573,1.824015340845775,1.999492118067892,-0.0048533304573036215,5.949046877159849,-0.014111644718222894,-0.0009134278405388736,-0.09636944424221493,0.6544985101554488,-0.01633907846963772,-0.004534350909502222,0.48903762661507105,-0.0016888873885914483,-0.0021585420457663953,-0.053273732896536224,-0.022999056903818236,-0.0005039533835093696,6.814031347174221,1.0042095610084827,6.085334756433472,0.5743143006506436,-0.01756284547491622,-0.002689560277578971,-0.00036337934070532066,0.7831177006230204,-0.009410501434120097,-0.012338666158823322,-0.019745487973603176,-0.0014192985301336124,-0.021381670094750754,-0.030173628005084465,-0.004300014460989162,-0.3024686028328903,-0.14044852726956977,-0.13153862213970866,2.182428185254852,-9.664557074380485e-05,1.5838449147487514,-0.057534110729546714,-0.002474093916350878,0.6955027430485959,1.0212982292361907,-0.016280094427933038,-0.007669122001607358,0.07293458306242281,1.0821502293603753,-0.034802033748581866,-0.0070689221351582605,-0.028931916609074168,-0.008733301885484209,-0.05046870289112218,-0.02444761682013405,-0.07543790617921846,13.75642427317645,2.32473765565303,2.621722618884941,-8.207773640456194e-05,-0.00523516568698341,1.3280994112704259,-0.005625580120772043,-0.005763970046179527,-0.0026565918960449095,-0.027612239143606207,-0.005070213530224358,2.640500154385273,-0.043304799052443436,-0.01315663197207353,-0.005680284772654548,-0.0010123100365337049,-0.013837762621762253,-0.19190266084287022,-2.4807208543358738e-05,-5.535099496377017e-05,2.170498884967134,1.6344228244318253,3.4045332809020974,-0.0009610012019310894,-0.00106919828049491,-0.024768956332156738,-0.0076879845731298215,1.4117026520801206
F12,Times8,3.19278922858994,2.878072213030493,1.309299161426906,1.7483758654263717,0.5754661361511102,-0.006062518126511556,1.3345408498832019,-0.010442425830712036,1.831815761564392,-0.0014174514304490723,-0.06259919880036306,-0.0004275846849726548,-0.07494782693981217,1.2971803275273333,1.9362682532461284,-0.06716381053558017,-0.013031766215694603,-0.33897976053693485,3.8471406757877236,5.851052643084478,3.3281152264564633,1.309968503600852,-0.01195236616318831,0.9439131650253871,2.311462740753382,-0.044163022820142346,-0.0025453271009844326,1.4476415396164415,-0.000516208946983473,1.3295431485130078,1.152914148608819,-0.05453536604404143,-0.010409028087536083,-0.12325970800166362,-0.014385927805273679,-0.008458243859549085,7.530407751088323,-0.0002692736658949559,1.6335944133307836,2.5210538423157547,-0.013296128796978,4.842001108720253,-0.0071337299477687,-0.010378178040773766,0.76447866064901,-0.000723370923527396,-0.012584471493239527,1.1517580340371616,1.6975846363172538,-0.22990412890184714,-0.014425677592935213,-0.03639900068283283,-0.1973933877619457,-0.1502599542677913,5.910877050895701,-0.0009792053377939227,5.0319445147472095,0.8183129893879258,3.10929556521677,1.7356833163972079,0.3262996795243925,-0.001143493086893907,-0.005895569925405004,-0.011144179756218758,-0.01154187161086194,3.0081690309839044,0.16879965667769922,-0.011224788934064239,-0.022983446806303723,-0.15530358395159333,-0.12651004524687043,-0.04771295519072501,4.552173762055362,3.5218275985793115,0.8888014660635736,5.855460117137354,-0.0032492189906758555,-0.0026645078401241916,0.6286805151623106,-0.012555931456345046,0.25838361033921564,1.420504446509968,-0.05857760400568316,-0.004549372870217026,0.6000019831569595,-0.008392840053143136,-3.619775471626492e-05,-0.0178584397397967,-0.14545058362485658,-0.007526035871950299,2.8416708736389467,4.148069159810592,1.3496288684477995,0.07260219099146578,-0.001962650355583396,0.5124990528855334,-0.002448420730165651,-0.0046755211635342775,-0.0012547598022368267,1.0146297967704365
F12,Times9,5.940180905435063,0.2553764963187491,0.17293407772178682,-0.02050833510606029,-0.0005421925508460526,-0.0053605767956579065,-0.018088646439401418,-0.007844088154711092,0.7551647883394973,-0.003745557599782342,-0.005687915081525709,-0.003427553352928798,0.16170071790506135,-0.004201411716109703,0.08933806086619828,-0.019606751438831567,-0.1212183191279314,-0.025334499735386866,0.9444878378209816,1.3981211815659527,4.104590535644097,-0.006495912145811081,0.008676516063391405,-0.0006928448142266781,-0.017996136098752974,4.484053795036722,0.6339143477651299,0.7706402161313586,0.5739783253498176,-0.003961456426235508,-0.027780902948105885,1.6495987873193725,-0.0013140230651647164,-0.11299614875829896,-0.1952197965673075,-0.07509667688216956,3.030662093432658,8.974415218955432,1.6154589422249075,-0.00506145337342699,-0.00043187346413705305,-0.002615935600403032,-0.0015441656684240068,-1.7775380757140276e-05,-0.008489395684786486,0.678265753009822,0.6434427351149167,-0.005171426930796431,-0.01011225467731034,0.9253261044969279,-0.04073737630018711,-0.08575200748141733,-0.06759243537392491,-0.030309351764299598,3.0140687119183105,0.7435526541309919,0.1543074540117882,1.1328824339276011,-0.05985341863040092,0.5090207592295026,0.99305350666865,-0.0002710372555930733,-0.009256636599531133,0.8486885643372799,2.439160176832295,-0.0021223390620375665,-0.006339550091429094,-0.046549406565490996,-0.008463897360542216,-0.036906044300915666,-0.001218361277234794,-0.0020577020900190497,3.707608494283258,1.005742585485147,1.002781830483474,1.955414441764159,1.2021242184759728,-0.0003053030085517905,-0.0018199273312822712,0.19934124865845446,-0.00024279277583291042,1.252508565720546,-0.006282196392142306,-0.005345313995178799,0.5181153300835561,-0.038644680846589216,-0.010200660560275352,-0.001029065874152357,-0.0336469158237678,-0.026671158138682285,-0.001479866541222335,2.5256670750544217,1.3229006221904172,-0.009594955102162895,-0.002473719577599573,0.9520114915440994,-0.002423254251629911,-0.0037623629693692216,0.7657569978867773,0.6979933954906743
F12,Times10,2.7977262437182984,0.1565205265666838,0.3012213248674752,3.862115506372311,-0.025268284808505206,-0.018011683817408645,1.3892601281476977,0.4425040221880843,-0.004541382594212503,2.6805164405408464,-0.04412446565869698,-0.13409403254507846,-0.06312176539487444,-0.0004630694086935623,-0.007975710554701882,-0.07921913171306041,-0.14120553956453047,-0.16784779187269333,2.3994875279645558,4.5441726618923255,1.298206348148986,2.8415243049585035,0.8190802362896923,0.575159779311962,-0.00011114172796972969,-0.008325782060893974,-0.0014103714675429892,-0.20453148175805066,-0.023644204492798405,-0.00460962388128848,-0.005747385632250803,-0.00039387408289445015,-0.00499589882743923,-0.0010847544422782972,-0.0428586414147592,-0.09606591346649541,4.517906588873977,6.373650927530292,3.6949996017113156,2.380802628349692,-0.018472905420012148,-0.0009006054734764427,-0.03130218833698604,-0.008118485000863125,0.825038622476671,-0.05132779808400611,-0.0027641608084995072,-0.019512094656341388,-0.01316327017009206,-0.052148570596758356,-0.0011524247215582344,-0.05620917678070247,-0.1280507643049294,-0.15432864668536095,0.7520988236995386,1.4672963043940548,4.610274709643763,-0.00014617209927329417,-0.0010015213556499886,-0.006898487573131676,-0.011437262191611857,-0.026766187445438256,2.1427152478344804,-0.0022992805718236174,-0.03587928886432463,-0.004120835679427944,-0.0590900706176943,-0.09020096862140127,-0.0004597513908766547,-0.2563565653187757,-0.07487447944463264,-0.11766272270841373,-8.460886679154783e-05,1.151839192840083,1.8298419016680019,0.8976472782567425,1.194326031616281,3.9861570766182037,2.0579199468074574,0.9534515912287819,-0.003906628308666523,2.5617026036396164,1.039956382034533,-0.038498431102808504,-0.057328710137148964,-0.001189318289467175,-0.0014490473458032478,-0.008536353242830756,-0.012469473317120642,-0.00047066115651575574,0.012262832846334906,-2.2305908468233126e-05,-0.00016611000290796924,-0.006582806215028406,0.0719809817079253,-0.002200774546316435,-0.007771766207414931,1.1421241615989903,-0.0035348231079474555,-0.004296326621321931
